  6  32  46 105 120  79  88  32  16   0  10   5  12   0  16   5   4   1   4   4
  8   5   4   0  10   5   2   1   8   3   8   1   4   5   2   0   6   5   2   1
  8   2  10   3   2   1   4   5   2   0   4   5   2   1   6   2   4   1   8   2
  2   3   2   1   2   5   2   0   2   5   2   4   2   3   2   2   6   1  12   2
  2   3   2   4   2   5   4   4   2   1   4   2   4   1  12   2   2   3   2   4
  2   5   4   1   8   2   2   1  12   2   2   3   2   1   2   5   4   1   8   3
  4   1   8   3   4   1   4   5   4   4   2   1   4   4  18   1   4   5   4   4
  6   5  16   4   4   1   2   5   2   0   2   5   6   1   4   5   2   1   4   5
  2   1   4   5   6   0   6   5   2   1   6   5   2   1   4   5   2   1   6   5
  2   0   8   5   2   1  20   5   2   0  10   5   2   1  16   5   2   0  14   5
 16   0   8