 11  32  32  33  94  92  99  70 107 109  36  81 256 128   0 118  10  26   0 224
 10  36   0 216  10  42   0 212  10  20   9   2   8   6   9   4  10  14   0 206
 10  16   9   2   7   2   6   2   5  14   6   2   8   2  10  12   0 202  10  14
  8   2   6   2   5  24   6   2   9   2  10  10   0 196  10  14   8   2   6   2
  5  32   8   2  10  10   0  20  10  12   0 160  10  12   9   2   6   2   5  18
  6   2   8   2   9   2  10   4   9   2   8   2   6   2   5   4   9   2  10   8
  0  16  10  18   0 156  10  12   8   2   5  18   6   2   9   4   5   2   3   2
  2   4   3   2   7   2  10   2   8   2   5   2   6   2  10  10   0  10  10  24
  0 152  10  12   7   2   5  18   6   2  10   2   5   2   1  10   2   2   1   2
  2   2   8   2   9   2   6   2   7   2  10   8   0  10  10  32   0 142  10  12
  6   2   5  18   6   2  10   2   4   2   1  12   6   2   2   2   1   4   7   2
  9   2   6   2   9   2  10   6   0   6  10  14   6   2   3   4   8   2  10  18
  0 136  10  12   6   2   5  20   9   2   6   2   1   4   6   2   1   6   3   2
  6   2   5   2   1   6   9   2   7   2   8   2  10  24   4   2   1   8   6   2
 10  18   9   2   0 130  10  12   6   2   5  20   6   2   9   2   1   6   6   4
  2   2   1   2   5   2   6   4   3   2   1   4   3   2  10   2   6   2  10  28
  7   2   3   2   1   4   5   2   7   2   9   2  10  16   0 128  10  10   7   2
  5  22   8   2   6   2   1   4   2   2   6   6   3   2   6   8   2   2   1   4
  9   2   7   2  10  16   9   2   7   2   6   4   7   2   9   2  10   4   6   2
  1   8   2   2   5   2   9   2  10  12   0 124  10  10   7   2   5  24   9   2
  3   2   1   4   2   2   6  12   5   2   6   2   5   2   1   4   7   2   8   2
  9   2  10  12   4   2   1  12   4   2  10   4   7   2   1  12   4   2   9   2
 10   8   9   2   0 120  10  10   9   2   5  26   9   2   3   2   1   4   2   2
  6   4   5   2   6   4   4   2   2   2   6   4   3   2   1   2   6   2   8   4
 10  10   7   2   3   2   4   2   3   4   2   4   1   4   3   2  10   4   2   2
  1  12   2   2   9   2  10   8   0 120  10  10   6   2   5  26   9   2   3   2
  1   4   2   2   6   4   1   2   4   2   7   2   2   2   1   2   5   2   6   2
  5   2   1   2   7   2   8   2   9   2  10  24   8   2   6   2   2   2   7   2
 10   2   3   2   1  14   2   2  10  10   0 116  10  10   7   2   5  28   9   2
  5   2   1   4   2   2   6   4   2   2   1   2   2   2   1   4   2   2   5   2
  4   2   7   2  10   8   9  16  10  16   3   2   1  16   6   2  10   8   0 114
 10  10   8   2   5  30   7   2   8   2   1   4   3   2   6   4   2   2   1   4
  2   2   5   2   8   2  10   6   9   2   7   4   6  20   7   4   9   2  10   8
  6   2   1  16   2   2  10   8   0 114  10  10   6   2   5  22   6  10  10   2
  3   2   1   4   3   6   5   2   8   2  10   4   9   2   8   2   7   2   6  36
  8   2  10   6   2   2   1  16   9   2  10   6   0 112  10  10   8   2   5  18
  6  16   7   2   9   2   1   4   3   2   7   2  10   4   9   2   8   2   6  36
  7   2   8   4   9   6  10   4   4   2   1  16   8   2  10   8   0 110  10  10
  6   2   5  10   6  26   8   6  10   4   9   2   7   2   6  30   7   2   8   2
  9   4  10  18   3   2   1  16   8   2  10   8   0 108  10  10   7   2   6  36
  7   2   9   2  10   4   8   2   6  30   7   2   8   2   9   2  10  26   6   2
  2   2   1  14   9   2  10   8   0 108  10  10   6  34   7   2   9   2  10   4
  8   2   6  30   8   2   9   2  10  28   9   2  10   6   8   2   7   4   8   2
  3   2   1   4  10   8   0 110  10   8   8   2   6  32   9   2  10   4   9   2
  7   2   6  26   7   2   8   2  10  32   8   2   2   4   7   2   9   2  10   2
  9   2   7   2   2   2   1   4   3   2  10   8   0 108  10  10   6  30   7   2
 10   4   9   2   7   4   6  24   7   2   9   2  10   4   8   2  10  28   6   2
  1  22   6   2  10   8   0 108  10   8   8   2   6  28   8   2  10   4   8   2
  7  12   6  16   8   2  10   4   8   2   3   2   2   2   5   2  10  22   7   2
  2   2   1  24   9   2  10   8   0 108  10   8   7   2   6  26   9   2  10   2
  9   2   7  22   6   6   8   2  10   4   8   2   3   2   2   8   6   2  10  14
  9   2   6   2   2   2   1  26   6   2  10   8   0 108  10   8   9   2   6  24
  7   2   9   2  10   2   9   2   7  22   6   4   7   2   9   2  10   2   8   2
  4   2   2   8   4   4   2   2   8   2  10   6   8   2   6   2   3   2   1  30
  2   2  10  10   0 108  10   8   8   2   6  22   7   2  10   4   8   2   7  20
  6   4   7   2   9   2  10   2   9   2   4   2   2  10   3   2  10   4   5   2
  3   2  10   4   7   2   1  36   8   2  10   8   0 110  10   8   7   2   6  20
  7   2  10   4   8   2   7  18   6   4   7   2   8   2  10   2   9   2   5   2
  2  14   6   2  10   6   2   2   8   2  10   2   8   2   1  34   7   2  10  10
  0 110  10   6   9   2   6  20   7   2  10   4   8   2   7  16   6   4   7   2
  8   2  10   2   9   2   5   2   2  18   6   2  10   6   6   4  10   4   2   2
  1  14   2   2   3   2   1  10   3   2   8   2  10  10   0 106  10  12   8   2
  6  20   9   2  10   2   8   2   7  14   6   4   7   2   9   2  10   2   9   2
  5   2   4   2   2  20   6   2  10   6   9   2   3   2  10   4   6   2   4   4
  3   2   2   2   1   8   3   2   8   4   7   2   8   2   9   4  10  10   0 106
 10  14   7   2   6  18   9   2  10   2   8   2   7  12   6   4   8   2   9   2
 10   2   9   2   5   2   2   2   6   2  10   2   9   2   2  18   5   2  10   8
  5   2  10  14   9   2   7   2   3   2   1   6   3   2   5   4   3   4  10  10
  0 102  10  18   6  18   8   2  10   2   9   2   7   2   6   8   7   2   8   2
  9   2  10   4   8   2   4   2   2   6   8   2  10   4   7   2   2  16   3   2
 10  30   7   2   1  12   4   2  10   8   0 102  10  14   8   2   9   4   6  16
  7   2  10   6   9   6  10   8   8   2   6   2   3   2   2  10   9   2  10   6
  2  18   9   2  10   6   8   2   5   2   4   2   3   2   2   6   4   2   7   2
 10   6   8   2   1  10   9   2  10   8   0 102  10  10   8   2   6   4   9   2
  8   2   6  14   7   2  10   4   9   2  10   2   8   2   9   6   7   2   5   2
  3   2   2  16   9   2  10   6   5   2   2  16   7   2  10   2   6   2   2  20
  3   2   9   2  10   4   6   2   1   2   2   2   4   2   9   2  10  10   0 100
 10  10   7   2   6   6   9   2   7   2   6  14   9   2  10   2   9   2   8   2
 10   2   5   2   2  28   8   2  10   6   8   2   2  14   3   2   8   2   3   2
  2  26   9   2  10  20   0 102  10   8   7   2   6   2   7   2   6   4   7   2
  6  14   7   2  10   2   9   2   8   4  10   2   8   2   2  28   7   2  10   6
  9   2   2  14   7   2   2  30   3   2  10  20   0 100  10   8   9   2   6   2
  7   6   6  18   9   2  10   2   8   6   9   2  10   2   3   2   2  26   4   2
 10   8   2  12   5   2   2  34   7   2  10  16   0 102  10   8   7  12   6  14
  7   2  10   2   9   2   8   8  10   2   8   2   2  28   9   2  10   6   2  12
  3   2   2  34   4   2  10  14   0 104  10   8   6   2   7  12   6  12   9   2
 10   2   8  10   9   2  10   2   4   2   2  26   6   2  10   4   9   2   2  50
 10  10   0 108  10   6   9   2   6   2   7  12   6   2   7   4   6   4   7   2
 10   4   8  12  10   2   9   2   3   2   2  26   8   2  10   2   6   2   2  50
  8   2  10   6   0 110  10   8   6   2   7   8   8   2   9   2  10  10   9   2
 10   4   9   2   8   8   9   2   8   2  10   4   7   2   3   2   2  24   3   2
  2  52   8   2  10   6   0 110  10   8   7   8   9   2  10   6   9   2   7   2
  6   4   7   2   9   2  10   4   8   6   9   6   8   2   9   2  10   4   6   2
  2  76   8   2  10   4   9   2   0 110  10   8   7   2   6   2   7   2   9   2
 10   4   7   2   3   2   2  12   7   2  10   2   9   2   8   2   9  10   8   4
  9   2  10   2   3   2   2   8   6   2   7   2   2  62   9   2  10   6   0 110
 10   8   9   2   6   2   9   2  10   4   4   2   2  18   6   2  10   2   8   4
  9  12   8   2  10   2   4   2   2   6   4   2  10   4   9   2   5   2   2  56
  3   2  10   8   0 112  10   8   8   2  10   4   4   2   2  22   8   2  10   2
  8   2   9   8   8   4   9   2  10   2   3   2   2   6   6   2  10   8   9   2
  5   2   2  52   7   2  10   8   0 112  10  12   6   2   2  24   3   2  10   4
  8   2   9   6   8   2  10   4   7   2   2   8   7   2  10   2   9   4  10   8
  7   2   4   2   2  44   3   2  10   8   0 116  10  10   3   2   2   8   3   2
  5   2   9   2   8   2   4   2   2   8   5   2  10   4   8   2   9   4   8   2
 10   2   7   2   2  10   8   2  10   2   9   8  10  10   9   2   8   2   7   4
  3   2   2  30   3   2   9   2  10   8   0 118  10   6   9   2   2  16   7   2
 10   2   7   2   2   8   6   2  10   4   8   6  10   2   7   2   2  10   8   2
 10   2   9  12  10  16   6   2   2  26   6   2  10  10   0 120  10   6   7   2
  2  18   7   2  10   2   7   2   2   8   4   2   9   2  10   2   9   2  10   2
  9   2   3   2   2  10   7   2  10   2   9  28  10   2   9   2   6   2   2  16
  3   2   6   2   9   2  10  12   0 120  10   6   7   2   2  16   4   2   7   2
 10   4   4   2   2  10   6   2   9   2   7   2   2  14   5   2  10   4   9  28
 10   6   9   2   7   2   6   6   7   2   9   2  10  16   0 122  10   6   7   2
  2  20   3   2   9   2   7   2   2  30   3   2   9   2  10   2   9  30  10  32
  0 124  10   6   9   2   2  22   6   2   8   2   2  32   4   2  10   6   9  34
 10   6   9   2  10  14   0 126  10   8   2  22   7   4   2  34   3   2   8   2
 10   6   9  38  10  14   0 128  10   6   6   2   2  18   3   2  10   2   4   2
  2  38   4   2  10   4   9  38  10  12   0 130   9   2  10   4   9   2   2  12
  3   4   6   2   9   2   5   2   2  40   3   2   9   2  10   2   9  38  10  12
  0 132  10   6   8   2   2  10   5   4   3   2   2  46   8   2  10   2   9  36
 10  12   0 134   9   2  10   6   8   2   3   2   2  58   6   2  10   4   9  10
 10   4   9  10  10  22   0 136  10  10   6   2   2  22   5   2   2  32   6   2
 10  32   9   6  10  10   0 140  10  12   8   2   6   2   4   2   3   8   4   2
  7   2   9   2  10   2   7   2   2  30   6   2  10   2   9   4  10   8   9   2
 10  16   8   2   7   2   8   2  10   8   0 144  10  34   7   2   2  28   6   2
 10   2   7   6   9   2  10   2   9   4  10   2   8   2   7   4   6   2   7   2
 10   2   9   2   7   4  10  10   0 146  10  20   9  10  10   4   8   2   2  26
  6   2  10   2   7   8   9   6  10   2   3   2   2   4   3   2  10   2   9   2
  7   4  10  10   0 152  10  32   9   2   3   2   2  22   5   2  10   2   7   8
  8   2  10   4   6   2   2   6   9   2  10   2   7   4  10  10   0 158  10  32
  5   2   2  20   3   2  10   2   8   2   7   6   8   2  10   2   8   2   2   6
  8   2  10   2   7   2   6   2   9   2  10  10   0 156  10  36   8   2   3   2
  2  18   9   2  10   2   7   4   9   2  10   2   8   2   2   4   3   2   9   2
 10   2   7   2   6   2   9   2  10  10   0 154  10  16   9   4   8   4   7   2
  8   4   9   4  10  10   6   2   2  16   4   2   9   2  10   6   7   2   2   4
  5   2  10   4   7   2   6   2   9   2  10  10   0 152  10  14   9   2   7   2
  6  20   7   2   9   2  10   8   9   2   6   2   3   2   2  12   3   2   5   4
  3   2   2   2   5   2   9   2  10   6   8   2   9   2  10  10   0 150  10  14
  8   2   7   2   6   4   7  10   6  14  10   4   8   2  10   8   8   2   6   2
  3   2   2   8   3   2   5   2   7   2   9   2  10   4   9   2  10  16   0  18
 10  20   0 112  10  12   9   2   7   2   6   2   7  14   6  14   7   2  10   4
  6   2   8   2  10   2   9   2  10  24   9   2  10   2   9   2   8   2  10  12
  0  16  10  28   0 102  10  16   8   2   6   2   7  18   6  12   8   2  10   4
  8   2   6   4  10   2   9   2   7   2   8   4   9   4  10   4   9   4   8   2
  7   4   6   2   8   2  10   2   9   2   8   2   9   2  10  10   0  12  10  32
  0  96  10  16   9   2   7   2   6   2   7  18   6   8   7   2   8   2  10   6
  7   2   6   6   8   2  10   2   8   2   7   8   8   2  10   2   9   2   6  12
  8   2  10   2   8   2   7   2   9   2  10  14   0   4  10  36   0  90  10  20
  9   4   8   2   7  14   6  10   8   2  10   6   8   2   6  10   7   2  10   2
  8   2   7  10   8   2  10   2   9   2   6  12   9   2  10   2   8   4  10  28
  9   2   7   8   8   2   9   2  10  14   0  88  10  12   9   2   8   2   9   4
 10   8   9   2   7   8   6   8   8   2  10   6   8   2   7   2   6  12   7   2
 10   2   9   2   7  12   8   2  10   2   8   2   6   6   7   4   8   2  10   2
  9   2   7   2   8   2  10  24   7  18   8   2  10  14   0  82  10  10   4   2
  1  10   2   2   3   2   6   2   9   2  10   4   9   2   7   2   6   6   7   2
  9   2  10   4   8   2   7   8   6  12  10   2   9   2   7  14   9   2  10   2
  8   2   9   2  10  10   9   2   7   4   8   2  10  20   7  24  10  14   0  80
 10   8   4   2   1  20   3   2   8   2  10   2   9   2   7   2   6   2   7   2
 10   6   7  14   6  10  10   2   9   2   7  14   8   2  10   4   9   6   8   4
  7   8   8   2  10  18   9   2   7  24   9   2  10  14   0  76  10  10   6   4
  5   2   2   2   1  18   6   2  10   4   8   2  10   6   9   2   6   2   7  12
  6  10  10   2   9   2   7  10   8   4   9   4   8   2   7  18   8   2  10   2
  4   2   2   2   8   2  10  10   7  28  10  16   0  72   9   2  10  10   9   2
  6   2   4   2   2   2   1  20   5   2  10  10   7   2   6   2   7  12   6   8
  7   2  10   2   9   2   7   8   9   2  10   4   8   2   9   2  10   2   9   2
  8   2   7  14   8   2  10   2   4   2   1   2   3   2  10   8   9   2   7  28
 10   4   7   2  10  10   0  70   9   2  10   8   7   2   3   2   1  30   6   2
 10   8   6   2   7  16   6   6   7   2  10   2   8   2   7   6   9   2  10   2
  5   2   1   6   2   2   7   2  10   2   8   2   7  12   8   2  10   2   5   2
  1   2   2   2   6   2  10   6   8   2   7  28  10   2   9   2   1   2   9   2
 10   8   0  68   9   2  10   8   4   2   1  34   2   2  10   6   8   2   6   2
  7  16   6   6   9   2  10   2   8   2   7   4   9   2  10   2   4   2   1   2
  2  10   7   2  10   2   7  12   8   2  10   2   7   2   1   2   2   2   3   2
 10   6   8   2   7  28  10   2   8   2   1   2   7   2  10   8   0  68  10   8
  3   2   1  32   4   2   2   2   1   2   9   2  10   4   7  20   6   6  10   2
  9   2   7   4   8   2  10   2   7   2   1   2   2  12   3   2  10   2   8   2
  7  12   9   2  10   2   2   4   3   2   9   2  10   4   8   2   7  26   8   2
 10   2   6   2   1   2   6   2  10   8   0  66   9   2  10   6   4   2   1  36
  7   4   9   2  10   2   9   2   6   2   7  18   6   4   8   2  10   2   8   2
  7   4   8   2  10   2   3   2   2  16   7   2   9   2   7  12   8   2  10   2
  4   2   2   2   3   2   8   2  10   4   9   2   7  26   8   2  10   2   3   2
  1   2   7   2  10   8   0  66  10   6   8   2   1   8   8   2   7   2   1  28
  7   2  10   4   8   2   6   2   7  16   6   4   7   2  10   2   9   2   7   6
  9   2  10   2   2  12   3   4   2   2   6   2  10   2   7  14  10   2   8   2
  2   2   3   2   7   2  10   4   9   2   7  26   9   2  10   2   2   2   1   2
  9   2  10   8   0  64  10   8   3   2   1   6   4   2  10   2   6   2   1  28
  2   2   9   2  10   4   8   2   7  16   6   2   8   2  10   4   8   2   7   6
  9   2  10   2   3   2   2   2   3  12   2   2   6   2  10   2   7  14   9   2
 10   2   5   2   2   2   7   2  10   4   9   2   7  26   9   2   8   2   1   2
  2   2  10  10   0  64  10   6   9   2   1   6   2   2   9   2  10   2   3   2
  1   6   3   2   9   2   2   2   1  18   5   2  10   6   9   2   8   2   7  10
  8   2   9   2  10   4   8   2   7   8   8   2  10   2   5   2   2   2   3  12
  2   2   8   2   9   2   7  16  10   4   5   2  10   6   9   2   7  26  10   2
  4   2   1   2   6   2  10   8   0  66  10   6   7   2   1   6   7   2  10   4
  2   2   1   6   9   2  10   2   1  20   2   2  10   4   8   2   9   2  10  16
  9   2   8   2   7  10   8   2  10   2   9   2   2   4   3  10   4   2  10   2
  9   2   7  16   8   2  10  10   8   2   7  24   8   2  10   2   1   4   9   2
 10   8   0  66  10   6   6   2   1   6  10   4   8   2   1   6   6   2  10   2
  8   2   1  22   8   2  10   2   8   2   7   2   8   4   9  10   8   2   7  16
  9   2  10   2   7   2   2   4   3   4   2   2   3   2   9   2  10   2   8   2
  7  18   8   2  10   6   9   2   7  26   9   2   6   2   1   2   4   2  10  10
  0  66  10   6   6   2   1   6   9   2  10   2   3   2   1   4   3   2  10   4
  6   2   1  22   6   2  10   2   9   2   8   4   7  32   9   2  10   2   8   2
  4   2   3   4   5   2   9   2  10   2   8   2   7  20   8   2  10   6   8   4
  7  22   8   2  10   2   2   2   1   2   9   2  10  10   0  66  10   6   6   2
  1   6   2   4   1   6   6   2  10   4   3   2   1  22   4   2  10   2   9   2
  8   8   7  28   8   2   9   2  10  12   8   2   7  22   9   2  10   6   8   8
  7  18   9   2   7   2   1   2   4   2  10  10   0  68  10   6   7   2   1  16
  6   2  10   2   8   2   1  24   5   2  10   2   9   2   8  10   7  30   8   2
  9   6   8   2   7  26   9   2  10   4   9   2   8  10   7  14   8   2  10   2
  2   2   1   2   9   2  10  10   0  68  10   6   8   2   1  18   3   2   1  14
  2   2   5   2   1   8   6   2  10   2   9   2   8  12   7  62   8   2  10   6
  9   2   8  14   7  10   9   2   7   2   1   2   6   2  10  10   0  70  10   8
  2   2   1  30   2   2   9   4   2   2   1   6   9   2  10   2   9   2   8  14
  7  60   9   2  10   6   9   2   8  16   7   6   8   2   9   2   2   2   3   2
 10  12   0  72  10   6   6   2   1  30   8   2   9   2   2   2   1   6   6   2
 10   4   8  20   7  56  10   8   8  20   7   4  10   2   5   2   2   2   9   2
 10  10   0  74  10   8   2   2   1  26   4   2  10   2   9   2   5   2   3   2
  4   2   8   2  10   6   9   4   8  22   7  48   9   2  10   8   8  24  10   2
  2   2   5   2  10  10   0  78  10   6   9   2   2   2   1  24   8   2  10  22
  9   2   8  28   7  22   8  12   7   4   8   2  10   8   8  22   7   2   9   4
  1   2   8   2  10   8   0  80   9   2  10   6   9   2   2   2   1  22   9   2
  8   2   7   2   9   2  10   4   9   2   8   2   7   2   8   2   9   2  10   6
  8  60   7   4   9   2  10   8   7   4   8  20  10   2   4   2   2   2  10  10
  0  82  10   8   9   2   4   2   1  20   6   2   3   2   1   2   5   2  10   4
  8   8   7   2   8   2  10   4   9   4   8  54   7   4   9   2  10  10   8   2
  7   4   8  14   7   2  10   2   8   2   1   2   6   2  10   8   0  84  10  12
  8   2   3   2   1  20   3   2  10   4   9   2   8  10   7   2   8   2  10   8
  9   2   8  48   7   4   9   2  10  14   8   2   7   4   8   8   7   4   9   2
 10   2   2   2   1   2   9   2  10   8   0  86  10  14   9   2   6   2   4   2
  2   2   1   6   2   2   4   2   7   2  10   4   9   2   8  14  10  12   9   2
  8  44   7   4   9   2  10  18   9   2   8   6   7   2   8   4   9   2  10   2
  3   2   1   2   6   2  10  10   0  90  10  32   9   2   8  14   9   2  10   2
  8   2   7   2   8   2  10   4   9   2   8  40   7   4   8   2   9   2  10  36
  8   2   3   2   5   2  10  10   0  94  10  26   9   2   8  18  10   2   9   2
  8   4   7   2   9   2  10   2   9   2   8  36   7   6   8   2  10  14   0   2
 10  40   0  98  10  12   8   2   3   2   8   2   9   2   8  22  10   2   8   8
 10   4   8   2   7   2   8  30   7   4   8   2   9   2  10  16   0   6  10  36
  0 106  10   6   7   2   1   2   7   2   9   2   7   4   8  18  10   2   8   8
 10   6   9   2   8   2   7   8   8  10   7   8   8   2   9   4  10  18   0  12
 10  32   0 106  10   6   7   2   1   2   9   2   8   2   7   8   8  14  10   2
  8   8  10  12   9   6   8  10   9   6  10  22   0  22  10   6   0   4  10  14
  0 106  10   8   3   2   2   2  10   2   8   2   7  12   8  10  10   2   8   8
 10  52   0  40  10   6   0 110  10   6   9   2   1   2   4   2  10   2   7  22
  8   2   9   2   7   2   8   6  10  48   0 158  10   8   5   2   1   2   7   2
  9   2   7  22   8   2   9   2   7   6   8   2  10  42   0 164  10   8   2   2
  1   2   9   4   7  22   8   2   9   2   7   6   8   2  10   8   0   6  10  20
  0 172  10   6   8   2   1   2   2   2  10   2   8   2   7  22   8   2   9   2
  7   6   8   2  10   8   0 198  10   6   6   2   1   2   3   2  10   2   8   2
  7  24   9   2   7   6   9   2  10   8   0 196  10   8   3   2   1   2   4   2
 10   2   7  34   9   2  10   8   0 196  10   8   2   2   1   2   6   2  10   2
  7  34  10   8   0 198  10   6   9   2   1   4   7   2   9   2   7  32   9   2
 10   8   0 198  10   6   9   2   1   4   8   2   9   2   7  28   8   2  10  12
  0 198  10   6   8   2   1   4   9   4   7  28   8   2  10  10   0 200  10   6
  9   2   1   4   9   4   7  28   8   2  10  10   0 200  10   6   9   2   1   4
  9   4   7  28   8   2  10   8   0 202  10   8   2   2   1   2   9   4   7  28
  9   2  10   8   0 202  10   8   3   2   1   2   9   4   7  28  10   8   0 206
 10   6   9   2   2   2   9   2  10   2   7  26   8   2  10   8   0 206   9   2
 10  12   8   2   7  24  10  10   0 208  10  14   7  22   9   2  10  10   0 210
 10  14   8   2   7  14   8   2  10  12   0 214  10  16   9   8  10  16   0 222
 10  32   0 226  10  28   0 232  10  20   0 166